Single User for user 1, 102 data points
10-fold cross validation
100 epochs

['loss', 'acc', 'recall', 'precision', 'false_negatives']
{'Logistic': [7.2187828540802004, 0.54000000655651093, 0.0, 0.0, 1.7000000000000002], 
'DeepNN1': [7.3776745796203622, 0.53500000536441805, 0.0, 0.0, 1.7], 
'DeepNN2': [6.6025403499603268, 0.50999999940395357, 0.0, 0.0, 2.2999999999999998], 
'DeepNN3': [7.3051440000534056, 0.51000000536441803, 0.0, 0.0, 1.8999999999999999], 
'DeepNN4': [6.2573517024517056, 0.52000000476837149, 0.0, 0.0, 2.0], 
'DeepNN5': [4.7725710332393652, 0.54000000357627864, 0.0, 0.0, 2.8999999999999999], 
'DeepNN6': [3.7172346770763398, 0.5416666716337204, 0.0, 0.0, 1.3000000000000003], 
'DeepNN7': [3.2091925978660583, 0.52833333313465125, 0.0, 0.0, 3.2999999999999998], 
'DeepNN8': [2.2816827625036238, 0.52000000923871992, 0.0, 0.0, 2.9000000000000004], 
'DeepNN9': [1.4089300930500031, 0.60666666924953461, 0.0, 0.0, 3.1000000000000001], 
'DeepNN10': [1.5340920090675354, 0.57000000476837165, 0.0, 0.0, 2.3999999999999999]}
